[{"img_ann": [[0.14377510040160643, 0.35582329317269074], [0.6345381526104418, 0.44417670682730925], [0.03855421686746988, 0.37349397590361444], [0.26666666666666666, 0.3614457831325301]], "boxes": [[179.0, 443.0, 114.0, 117.0], [790.0, 553.0, 116.0, 139.0], [48.0, 465.0, 102.0, 102.0], [332.0, 450.0, 105.0, 117.0]], "sc_ann": [3, 1, 4, 2], "students_sc_ann": [3, 1, 4, 2], "heuristic_sc_ann": [3, 1, 4, 2], "occ_ann": [0, 0, 0, 0], "occ_score": [0, 0, 0, 0], "occ_leaf": [0, 0, 0, 0], "easiness": [0.023423274207237877, 0.291984234481689, 0.023423274207237877, 0.031360084232576496], "patches": [], "ripeness": [1, 1, 1, 1]}, {"img_ann": [[0.14377510040160643, 0.35582329317269074], [0.26666666666666666, 0.3614457831325301], [0.6345381526104418, 0.44417670682730925], [0.03855421686746988, 0.37349397590361444]], "boxes": [[179.0, 443.0, 114.0, 117.0], [332.0, 450.0, 105.0, 117.0], [790.0, 553.0, 116.0, 139.0], [48.0, 465.0, 102.0, 102.0]], "sc_ann": [3, 2, 1, 4], "students_sc_ann": [3, 2, 1, 4], "heuristic_sc_ann": [3, 2, 1, 4], "occ_ann": [0, 0, 0, 0], "occ_score": [0, 0, 0, 0], "occ_leaf": [0, 0, 0, 0], "easiness": [0.023423274207237877, 0.031360084232576496, 0.291984234481689, 0.023423274207237877], "patches": [], "ripeness": [1, 1, 1, 1]}, {"img_ann": [[0.6345381526104418, 0.44417670682730925], [0.26666666666666666, 0.3614457831325301], [0.14377510040160643, 0.35582329317269074]], "boxes": [[790.0, 553.0, 116.0, 139.0], [332.0, 450.0, 105.0, 117.0], [179.0, 443.0, 114.0, 117.0]], "sc_ann": [1, 2, 3], "students_sc_ann": [1, 2, 3], "heuristic_sc_ann": [1, 2, 3], "occ_ann": [0, 0, 0], "occ_score": [0, 0, 0], "occ_leaf": [0, 0, 0], "easiness": [0.291984234481689, 0.031360084232576496, 0.03136008423257649], "patches": [], "ripeness": [1, 1, 1]}, {"img_ann": [[0.14377510040160643, 0.35582329317269074], [0.03855421686746988, 0.37349397590361444], [0.26666666666666666, 0.3614457831325301], [0.6345381526104418, 0.44417670682730925]], "boxes": [[179.0, 443.0, 114.0, 117.0], [48.0, 465.0, 102.0, 102.0], [332.0, 450.0, 105.0, 117.0], [790.0, 553.0, 116.0, 139.0]], "sc_ann": [3, 4, 2, 1], "students_sc_ann": [3, 4, 2, 1], "heuristic_sc_ann": [3, 4, 2, 1], "occ_ann": [0, 0, 0, 0], "occ_score": [0, 0, 0, 0], "occ_leaf": [0, 0, 0, 0], "easiness": [0.023423274207237877, 0.023423274207237877, 0.031360084232576496, 0.291984234481689], "patches": [], "ripeness": [1, 1, 1, 1]}, {"img_ann": [[0.5370951579756527, 0.087917545425844], [0.07550200803212852, 0.0], [0.7630522088353414, 0.4819277108433735], [0.8642570281124498, 0.38313253012048193], [0.908433734939759, 0.3164658634538153], [0.09558232931726908, 0.38072289156626504], [0.7405622489959839, 0.3333333333333333], [0.9657123611634036, 0.41610239787274095], [0.9084345193273092, 0.3893199261891315], [0.8257028112449799, 0.4248995983935743], [0.9669946387110944, 0.47947385244101404], [0.3421686746987952, 0.38393574297188754]], "boxes": [[668.6834716796875, 109.45734405517578, 87.231689453125, 96.69709014892578], [94.0, 0.0, 184.0, 114.0], [950.0, 600.0, 82.0, 80.0], [1076.0, 477.0, 67.0, 70.0], [1131.0, 394.0, 95.0, 74.0], [119.0, 474.0, 188.0, 158.0], [922.0, 415.0, 76.0, 94.0], [1202.3118896484375, 518.0474853515625, 67.816650390625, 63.4217529296875], [1131.0009765625, 484.70330810546875, 69.6068115234375, 78.0286865234375], [1028.0, 529.0, 83.0, 71.0], [1203.9083251953125, 596.9449462890625, 75.2156982421875, 111.572265625], [426.0, 478.0, 150.0, 145.0]], "sc_ann": [18, 3, 2, 6, 7, 5, 4, 18, 18, 8, 18, 1], "students_sc_ann": [18, 7, 5, 2, 1, 8, 4, 18, 18, 3, 18, 6], "heuristic_sc_ann": [18, 7, 1, 4, 5, 8, 2, 18, 18, 6, 18, 3], "occ_ann": [0, 0, 2, 2, 2, 0, 0, 0, 0, 2, 0, 0], "occ_score": [0.8805120910384068, 0.8406184507204271, 1.0, 0, 1.0, 0, 0, 0, 0, 0, 0.8623726175944508, 0], "occ_leaf": [0.8805120910384068, 0.8406184507204271, 1.0, 0, 1.0, 0, 0, 0, 0, 0, 0.8623726175944508, 0], "easiness": [0, 0.22094362251123925, 0.0031203774870292595, 0.005792691114597392, 0.005203858385167001, 0.09558593041141106, 0.03300617987117662, 0, 0, 0.0031203774870292595, 0, 0.09558593041141106], "patches": [], "ripeness": [0, 1, 1, 1, 1, 1, 1, 0, 0, 1, 0, 1]}, {"img_ann": [[0.9669946387110944, 0.47947385244101404], [0.9084345193273092, 0.3893199261891315], [0.8614335270770582, 0.3755149994509287], [0.9657123611634036, 0.41610239787274095], [0.908433734939759, 0.3164658634538153], [0.07550200803212852, 0.0], [0.09558232931726908, 0.38072289156626504], [0.5370951579756527, 0.087917545425844], [0.7630522088353414, 0.4819277108433735], [0.7405622489959839, 0.3333333333333333], [0.8257028112449799, 0.4248995983935743], [0.3421686746987952, 0.38393574297188754]], "boxes": [[1203.9083251953125, 596.9449462890625, 75.2156982421875, 111.572265625], [1131.0009765625, 484.70330810546875, 69.6068115234375, 78.0286865234375], [1072.4847412109375, 467.51617431640625, 70.7861328125, 73.5552978515625], [1202.3118896484375, 518.0474853515625, 67.816650390625, 63.4217529296875], [1131.0, 394.0, 95.0, 74.0], [94.0, 0.0, 184.0, 114.0], [119.0, 474.0, 188.0, 158.0], [668.6834716796875, 109.45734405517578, 87.231689453125, 96.69709014892578], [950.0, 600.0, 82.0, 80.0], [922.0, 415.0, 76.0, 94.0], [1028.0, 529.0, 83.0, 71.0], [426.0, 478.0, 150.0, 145.0]], "sc_ann": [18, 18, 18, 18, 6, 4, 2, 18, 3, 7, 5, 1], "students_sc_ann": [18, 18, 18, 18, 1, 7, 8, 18, 5, 4, 3, 6], "heuristic_sc_ann": [18, 18, 18, 18, 5, 3, 7, 18, 2, 6, 4, 1], "occ_ann": [0, 0, 0, 0, 2, 0, 0, 0, 2, 0, 2, 0], "occ_score": [0.9991554816482671, 0.9211037036290036, 0, 1.0, 0, 0, 0, 0, 0, 0.8726588445040777, 0.8671649516417611, 0], "occ_leaf": [0.9991554816482671, 0.9211037036290036, 0, 1.0, 0, 0, 0, 0, 0, 0.8726588445040777, 0.8671649516417611, 0], "easiness": [0, 0, 0, 0, 0.005905045125648495, 0.22094362251123925, 0.09558593041141106, 0, 0.0031203774870292595, 0.03300617987117662, 0.0028741912600232142, 0.09558593041141106], "patches": [], "ripeness": [0, 0, 0, 0, 1, 1, 1, 0, 1, 1, 1, 1]}, {"img_ann": [[0.9657123611634036, 0.41610239787274095], [0.908433734939759, 0.3164658634538153], [0.7630522088353414, 0.4819277108433735], [0.07550200803212852, 0.0], [0.5370951579756527, 0.087917545425844], [0.3421686746987952, 0.38393574297188754], [0.9669946387110944, 0.47947385244101404], [0.8614335270770582, 0.3755149994509287], [0.09558232931726908, 0.38072289156626504], [0.7405622489959839, 0.3333333333333333], [0.9084345193273092, 0.3893199261891315], [0.8257028112449799, 0.4248995983935743]], "boxes": [[1202.3118896484375, 518.0474853515625, 67.816650390625, 63.4217529296875], [1131.0, 394.0, 95.0, 74.0], [950.0, 600.0, 82.0, 80.0], [94.0, 0.0, 184.0, 114.0], [668.6834716796875, 109.45734405517578, 87.231689453125, 96.69709014892578], [426.0, 478.0, 150.0, 145.0], [1203.9083251953125, 596.9449462890625, 75.2156982421875, 111.572265625], [1072.4847412109375, 467.51617431640625, 70.7861328125, 73.5552978515625], [119.0, 474.0, 188.0, 158.0], [922.0, 415.0, 76.0, 94.0], [1131.0009765625, 484.70330810546875, 69.6068115234375, 78.0286865234375], [1028.0, 529.0, 83.0, 71.0]], "sc_ann": [18, 6, 3, 4, 18, 1, 18, 18, 2, 7, 18, 5], "students_sc_ann": [18, 1, 5, 7, 18, 6, 18, 18, 8, 4, 18, 3], "heuristic_sc_ann": [18, 5, 2, 3, 18, 1, 18, 18, 7, 6, 18, 4], "occ_ann": [0, 2, 2, 0, 0, 0, 0, 0, 0, 0, 0, 2], "occ_score": [0.9991554816482671, 0.9211037036290036, 0, 1.0, 0, 0, 0, 0, 0, 0.8726588445040777, 0.8671649516417611, 0], "occ_leaf": [0.9991554816482671, 0.9211037036290036, 0, 1.0, 0, 0, 0, 0, 0, 0.8726588445040777, 0.8671649516417611, 0], "easiness": [0, 0.005905045125648495, 0.0031203774870292595, 0.22094362251123925, 0, 0.09558593041141106, 0, 0, 0.09558593041141106, 0.03300617987117662, 0, 0.0028741912600232142], "patches": [], "ripeness": [0, 1, 1, 1, 0, 1, 0, 0, 1, 1, 0, 1]}, {"img_ann": [[0.09558232931726908, 0.38072289156626504], [0.3421686746987952, 0.38393574297188754], [0.908433734939759, 0.3164658634538153], [0.7630522088353414, 0.4819277108433735], [0.7405622489959839, 0.3333333333333333], [0.9084345193273092, 0.3893199261891315], [0.9669946387110944, 0.47947385244101404], [0.8614335270770582, 0.3755149994509287], [0.5370951579756527, 0.087917545425844], [0.8257028112449799, 0.4248995983935743], [0.9657123611634036, 0.41610239787274095], [0.07550200803212852, 0.0]], "boxes": [[119.0, 474.0, 188.0, 158.0], [426.0, 478.0, 150.0, 145.0], [1131.0, 394.0, 95.0, 74.0], [950.0, 600.0, 82.0, 80.0], [922.0, 415.0, 76.0, 94.0], [1131.0009765625, 484.70330810546875, 69.6068115234375, 78.0286865234375], [1203.9083251953125, 596.9449462890625, 75.2156982421875, 111.572265625], [1072.4847412109375, 467.51617431640625, 70.7861328125, 73.5552978515625], [668.6834716796875, 109.45734405517578, 87.231689453125, 96.69709014892578], [1028.0, 529.0, 83.0, 71.0], [1202.3118896484375, 518.0474853515625, 67.816650390625, 63.4217529296875], [94.0, 0.0, 184.0, 114.0]], "sc_ann": [2, 1, 6, 3, 7, 18, 18, 18, 18, 5, 18, 4], "students_sc_ann": [8, 6, 1, 5, 4, 18, 18, 18, 18, 3, 18, 7], "heuristic_sc_ann": [7, 1, 5, 2, 6, 18, 18, 18, 18, 4, 18, 3], "occ_ann": [0, 0, 2, 2, 0, 0, 0, 0, 0, 2, 0, 0], "occ_score": [0.9991554816482671, 0.9211037036290036, 0, 1.0, 0, 0, 0, 0, 0, 0.8726588445040777, 0.8671649516417611, 0], "occ_leaf": [0.9991554816482671, 0.9211037036290036, 0, 1.0, 0, 0, 0, 0, 0, 0.8726588445040777, 0.8671649516417611, 0], "easiness": [0.09558593041141106, 0.09558593041141106, 0.005905045125648495, 0.0031203774870292595, 0.03300617987117662, 0, 0, 0, 0, 0.0028741912600232142, 0, 0.22094362251123925], "patches": [], "ripeness": [1, 1, 1, 1, 1, 0, 0, 0, 0, 1, 0, 1]}, {"img_ann": [[0.9718875502008032, 0.03855421686746988], [0.7285140562248996, 0.0008032128514056225], [0.6746987951807228, 0.16224899598393575], [0.9521691257216366, 0.0], [0.3448852048820281, 0.4034286315182605], [0.5958569630082832, 0.26236209486383033], [0.6404441986696787, 0.053322279596903235], [0.5949124623493975, 0.25881526594659887], [0.30522088353413657, 0.25622489959839356]], "boxes": [[1210.0, 48.0, 69.0, 77.0], [907.0, 1.0, 113.0, 87.0], [840.0, 202.0, 145.0, 139.0], [1185.4505615234375, 0.0, 93.2490234375, 48.415809631347656], [429.382080078125, 502.2686462402344, 100.85125732421875, 140.57260131835938], [741.8419189453125, 326.64080810546875, 126.785400390625, 137.10726928710938], [797.35302734375, 66.38623809814453, 104.30780029296875, 133.63910675048828], [740.666015625, 322.2250061035156, 62.3316650390625, 140.01339721679688], [380.0, 319.0, 150.0, 191.0]], "sc_ann": [4, 1, 3, 18, 18, 18, 18, 18, 2], "students_sc_ann": [1, 2, 3, 18, 18, 18, 18, 18, 4], "heuristic_sc_ann": [4, 1, 3, 18, 18, 18, 18, 18, 2], "occ_ann": [2, 0, 2, 0, 0, 0, 0, 0, 0], "occ_score": [0.9946233862043394, 0, 0.9796048041790746, 0, 0.5229546799877455, 0, 0, 0.049808708168797344, 0.9936727183493551], "occ_leaf": [0.9946233862043394, 0, 0.9796048041790746, 0, 0.5229546799877455, 0, 0, 0.049808708168797344, 0.9936727183493551], "easiness": [0.010739034235539445, 0.005433953852770893, 0.008255509349263971, 0, 0, 0, 0, 0, 0.026529147617795987], "patches": [], "ripeness": [1, 1, 1, 0, 0, 0, 0, 0, 1]}, {"img_ann": [[0.9521691257216366, 0.0], [0.7285140562248996, 0.0008032128514056225], [0.9718875502008032, 0.03855421686746988], [0.6404441986696787, 0.053322279596903235], [0.3448852048820281, 0.4034286315182605], [0.5949124623493975, 0.25881526594659887], [0.5958569630082832, 0.26236209486383033], [0.6746987951807228, 0.16224899598393575], [0.30522088353413657, 0.25622489959839356]], "boxes": [[1185.4505615234375, 0.0, 93.2490234375, 48.415809631347656], [907.0, 1.0, 113.0, 87.0], [1210.0, 48.0, 69.0, 77.0], [797.35302734375, 66.38623809814453, 104.30780029296875, 133.63910675048828], [429.382080078125, 502.2686462402344, 100.85125732421875, 140.57260131835938], [740.666015625, 322.2250061035156, 62.3316650390625, 140.01339721679688], [741.8419189453125, 326.64080810546875, 126.785400390625, 137.10726928710938], [840.0, 202.0, 145.0, 139.0], [380.0, 319.0, 150.0, 191.0]], "sc_ann": [18, 1, 4, 18, 18, 18, 18, 3, 2], "students_sc_ann": [18, 2, 1, 18, 18, 18, 18, 3, 4], "heuristic_sc_ann": [18, 1, 4, 18, 18, 18, 18, 3, 2], "occ_ann": [0, 0, 2, 0, 0, 0, 0, 2, 0], "occ_score": [0.9946233862043394, 0, 0.9796048041790746, 0, 0.5229546799877455, 0, 0, 0.049808708168797344, 0.9936727183493551], "occ_leaf": [0.9946233862043394, 0, 0.9796048041790746, 0, 0.5229546799877455, 0, 0, 0.049808708168797344, 0.9936727183493551], "easiness": [0, 0.005433953852770893, 0.010739034235539445, 0, 0, 0, 0, 0.008255509349263971, 0.026529147617795987], "patches": [], "ripeness": [0, 1, 1, 0, 0, 0, 0, 1, 1]}, {"img_ann": [[0.5958569630082832, 0.26236209486383033], [0.7285140562248996, 0.0008032128514056225], [0.6746987951807228, 0.16224899598393575], [0.5949124623493975, 0.25881526594659887], [0.9521691257216366, 0.0], [0.9735664337035642, 0.031160218265640686], [0.3448852048820281, 0.4034286315182605], [0.30522088353413657, 0.25622489959839356], [0.6404441986696787, 0.053322279596903235]], "boxes": [[741.8419189453125, 326.64080810546875, 126.785400390625, 137.10726928710938], [907.0, 1.0, 113.0, 87.0], [840.0, 202.0, 145.0, 139.0], [740.666015625, 322.2250061035156, 62.3316650390625, 140.01339721679688], [1185.4505615234375, 0.0, 93.2490234375, 48.415809631347656], [1212.0902099609375, 38.794471740722656, 66.6002197265625, 85.8842544555664], [429.382080078125, 502.2686462402344, 100.85125732421875, 140.57260131835938], [380.0, 319.0, 150.0, 191.0], [797.35302734375, 66.38623809814453, 104.30780029296875, 133.63910675048828]], "sc_ann": [18, 3, 2, 18, 18, 18, 18, 1, 18], "students_sc_ann": [18, 2, 3, 18, 18, 18, 18, 4, 18], "heuristic_sc_ann": [18, 3, 2, 18, 18, 18, 18, 1, 18], "occ_ann": [0, 0, 2, 0, 0, 0, 0, 0, 0], "occ_score": [0, 0.9796048041790746, 0, 0.5229546799877455, 0, 0, 0.049808708168797344, 0.8580682237808642, 0.8879732035678001], "occ_leaf": [0, 0.9796048041790746, 0, 0.5229546799877455, 0, 0, 0.049808708168797344, 0.8580682237808642, 0.8879732035678001], "easiness": [0, 0.005433953852770893, 0.008255509349263971, 0, 0, 0, 0, 0.026529147617795987, 0], "patches": [], "ripeness": [0, 1, 1, 0, 0, 0, 0, 1, 0]}, {"img_ann": [[0.3448852048820281, 0.4034286315182605], [0.5958569630082832, 0.26236209486383033], [0.5949124623493975, 0.25881526594659887], [0.6746987951807228, 0.16224899598393575], [0.30522088353413657, 0.25622489959839356], [0.6404441986696787, 0.053322279596903235], [0.9521691257216366, 0.0], [0.9735664337035642, 0.031160218265640686], [0.7285140562248996, 0.0008032128514056225]], "boxes": [[429.382080078125, 502.2686462402344, 100.85125732421875, 140.57260131835938], [741.8419189453125, 326.64080810546875, 126.785400390625, 137.10726928710938], [740.666015625, 322.2250061035156, 62.3316650390625, 140.01339721679688], [840.0, 202.0, 145.0, 139.0], [380.0, 319.0, 150.0, 191.0], [797.35302734375, 66.38623809814453, 104.30780029296875, 133.63910675048828], [1185.4505615234375, 0.0, 93.2490234375, 48.415809631347656], [1212.0902099609375, 38.794471740722656, 66.6002197265625, 85.8842544555664], [907.0, 1.0, 113.0, 87.0]], "sc_ann": [18, 18, 18, 2, 1, 18, 18, 18, 3], "students_sc_ann": [18, 18, 18, 3, 4, 18, 18, 18, 2], "heuristic_sc_ann": [18, 18, 18, 2, 1, 18, 18, 18, 3], "occ_ann": [0, 0, 0, 2, 0, 0, 0, 0, 0], "occ_score": [0, 0.9796048041790746, 0, 0.5229546799877455, 0, 0, 0.049808708168797344, 0.8580682237808642, 0.8879732035678001], "occ_leaf": [0, 0.9796048041790746, 0, 0.5229546799877455, 0, 0, 0.049808708168797344, 0.8580682237808642, 0.8879732035678001], "easiness": [0, 0, 0, 0.008255509349263971, 0.026529147617795987, 0, 0, 0, 0.005433953852770893], "patches": [], "ripeness": [0, 0, 0, 1, 1, 0, 0, 0, 1]}, {"img_ann": [[0.24497991967871485, 0.43453815261044176], [0.10939698736351657, 0.3399501815857179], [0.689156626506024, 0.0746987951807229]], "boxes": [[305.0, 541.0, 128.0, 146.0], [136.19924926757812, 423.23797607421875, 94.8055419921875, 111.3597412109375], [858.0, 93.0, 134.0, 134.0]], "sc_ann": [2, 18, 1], "students_sc_ann": [1, 18, 2], "heuristic_sc_ann": [2, 18, 1], "occ_ann": [0, 0, 1], "occ_score": [0, 0, 0], "occ_leaf": [0, 0, 0], "easiness": [0.07353651057756896, 0, 0.30849822540544025], "patches": [], "ripeness": [1, 0, 1]}, {"img_ann": [[0.27068273092369477, 0.35582329317269074], [0.1697259496972264, 0.17682759847985693], [0.40160642570281124, 0.35582329317269074], [0.8923694779116466, 0.38072289156626504], [0.9440980719754016, 0.3390961551283258], [0.9815261044176706, 0.3036144578313253], [0.12208835341365462, 0.3606425702811245], [0.9438737371360442, 0.21945251709964858], [0.9764334682479919, 0.29422477507687]], "boxes": [[337.0, 443.0, 139.0, 167.0], [211.30880737304688, 220.15036010742188, 110.78277587890625, 103.881103515625], [500.0, 443.0, 127.0, 165.0], [1111.0, 474.0, 64.0, 115.0], [1175.402099609375, 422.1747131347656, 57.9219970703125, 45.23138427734375], [1222.0, 378.0, 53.0, 124.0], [152.0, 449.0, 165.0, 196.0], [1175.122802734375, 273.2183837890625, 102.859619140625, 117.96389770507812], [1215.65966796875, 366.3098449707031, 42.19970703125, 33.137054443359375]], "sc_ann": [2, 18, 1, 5, 18, 4, 3, 18, 18], "students_sc_ann": [2, 18, 1, 5, 18, 4, 3, 18, 18], "heuristic_sc_ann": [2, 18, 1, 5, 18, 4, 3, 18, 18], "occ_ann": [0, 0, 0, 1, 0, 2, 0, 0, 0], "occ_score": [0, 0, 0, 0.9220626036955664, 0, 0.9134964877319628, 0, 0.8044940220907614, 0.24940713828528271], "occ_leaf": [0, 0, 0, 0.9220626036955664, 0, 0.9134964877319628, 0, 0.8044940220907614, 0.24940713828528271], "easiness": [0.016177953583228048, 0, 0.019277499462030646, 0.0003913688760647791, 0, 0.005039550381030397, 0.016177953583228048, 0, 0], "patches": [], "ripeness": [1, 0, 1, 1, 0, 1, 1, 0, 0]}, {"img_ann": [[0.1697259496972264, 0.17682759847985693], [0.9438737371360442, 0.21945251709964858], [0.9440980719754016, 0.3390961551283258], [0.9764334682479919, 0.29422477507687], [0.9815261044176706, 0.3036144578313253], [0.8923694779116466, 0.38072289156626504], [0.27068273092369477, 0.35582329317269074], [0.12208835341365462, 0.3606425702811245]], "boxes": [[211.30880737304688, 220.15036010742188, 110.78277587890625, 103.881103515625], [1175.122802734375, 273.2183837890625, 102.859619140625, 117.96389770507812], [1175.402099609375, 422.1747131347656, 57.9219970703125, 45.23138427734375], [1215.65966796875, 366.3098449707031, 42.19970703125, 33.137054443359375], [1222.0, 378.0, 53.0, 124.0], [1111.0, 474.0, 64.0, 115.0], [337.0, 443.0, 139.0, 167.0], [152.0, 449.0, 165.0, 196.0]], "sc_ann": [18, 18, 18, 18, 3, 4, 1, 2], "students_sc_ann": [18, 18, 18, 18, 4, 5, 2, 3], "heuristic_sc_ann": [18, 18, 18, 18, 3, 4, 1, 2], "occ_ann": [0, 0, 0, 0, 2, 1, 0, 0], "occ_score": [0, 0, 0.9220626036955664, 0, 0.9134964877319628, 0, 0.8044940220907614, 0.24940713828528271], "occ_leaf": [0, 0, 0.9220626036955664, 0, 0.9134964877319628, 0, 0.8044940220907614, 0.24940713828528271], "easiness": [0, 0, 0, 0, 0.005039550381030397, 0.0003913688760647791, 0.016177953583228048, 0.016177953583228048], "patches": [], "ripeness": [0, 0, 0, 0, 1, 1, 1, 1]}, {"img_ann": [[0.9815261044176706, 0.3036144578313253], [0.1697259496972264, 0.17682759847985693], [0.40160642570281124, 0.35582329317269074], [0.9440980719754016, 0.3390961551283258], [0.9764334682479919, 0.29422477507687], [0.8923694779116466, 0.38072289156626504], [0.9438737371360442, 0.21945251709964858], [0.12208835341365462, 0.3606425702811245]], "boxes": [[1222.0, 378.0, 53.0, 124.0], [211.30880737304688, 220.15036010742188, 110.78277587890625, 103.881103515625], [500.0, 443.0, 127.0, 165.0], [1175.402099609375, 422.1747131347656, 57.9219970703125, 45.23138427734375], [1215.65966796875, 366.3098449707031, 42.19970703125, 33.137054443359375], [1111.0, 474.0, 64.0, 115.0], [1175.122802734375, 273.2183837890625, 102.859619140625, 117.96389770507812], [152.0, 449.0, 165.0, 196.0]], "sc_ann": [3, 18, 1, 18, 18, 4, 18, 2], "students_sc_ann": [4, 18, 1, 18, 18, 5, 18, 3], "heuristic_sc_ann": [3, 18, 1, 18, 18, 4, 18, 2], "occ_ann": [2, 0, 0, 0, 0, 1, 0, 0], "occ_score": [0, 0, 0.9220626036955664, 0, 0.9134964877319628, 0, 0.8044940220907614, 0.24940713828528271], "occ_leaf": [0, 0, 0.9220626036955664, 0, 0.9134964877319628, 0, 0.8044940220907614, 0.24940713828528271], "easiness": [0.005039550381030397, 0, 0.1473014780780692, 0, 0, 0.0003913688760647791, 0, 0.11080675234766957], "patches": [], "ripeness": [1, 0, 1, 0, 0, 1, 0, 1]}, {"img_ann": [[0.9764334682479919, 0.29422477507687], [0.40160642570281124, 0.35582329317269074], [0.27068273092369477, 0.35582329317269074], [0.9815261044176706, 0.3036144578313253], [0.9440980719754016, 0.3390961551283258], [0.12208835341365462, 0.3606425702811245], [0.9438737371360442, 0.21945251709964858], [0.1697259496972264, 0.17682759847985693]], "boxes": [[1215.65966796875, 366.3098449707031, 42.19970703125, 33.137054443359375], [500.0, 443.0, 127.0, 165.0], [337.0, 443.0, 139.0, 167.0], [1222.0, 378.0, 53.0, 124.0], [1175.402099609375, 422.1747131347656, 57.9219970703125, 45.23138427734375], [152.0, 449.0, 165.0, 196.0], [1175.122802734375, 273.2183837890625, 102.859619140625, 117.96389770507812], [211.30880737304688, 220.15036010742188, 110.78277587890625, 103.881103515625]], "sc_ann": [18, 1, 2, 4, 18, 3, 18, 18], "students_sc_ann": [18, 1, 2, 4, 18, 3, 18, 18], "heuristic_sc_ann": [18, 1, 2, 4, 18, 3, 18, 18], "occ_ann": [0, 0, 0, 2, 0, 0, 0, 0], "occ_score": [0, 0, 0, 0.9220626036955664, 0.9134964877319628, 0, 0.8044940220907614, 0.24940713828528271], "occ_leaf": [0, 0, 0, 0.9220626036955664, 0.9134964877319628, 0, 0.8044940220907614, 0.24940713828528271], "easiness": [0, 0.019277499462030646, 0.016177953583228048, 0.005039550381030397, 0, 0.016177953583228048, 0, 0], "patches": [], "ripeness": [0, 1, 1, 1, 0, 1, 0, 0]}, {"img_ann": [[0.25060240963855424, 0.22248995983935743], [0.20611116340361446, 0.3829349134820532], [0.9357429718875502, 0.42891566265060244], [0.26586345381526105, 0.3855421686746988], [0.6784330682103413, 0.14200315666964733], [0.39196787148594375, 0.41044176706827307]], "boxes": [[312.0, 277.0, 130.0, 130.0], [256.6083984375, 476.75396728515625, 73.75262451171875, 86.4637451171875], [1165.0, 534.0, 90.0, 104.0], [331.0, 480.0, 129.0, 146.0], [844.649169921875, 176.79393005371094, 70.17291259765625, 120.39857482910156], [488.0, 511.0, 106.0, 109.0]], "sc_ann": [4, 18, 2, 1, 18, 3], "students_sc_ann": [1, 18, 4, 2, 18, 3], "heuristic_sc_ann": [2, 18, 4, 1, 18, 3], "occ_ann": [0, 0, 0, 0, 0, 1], "occ_score": [0, 0, 0, 0, 0, 0], "occ_leaf": [0, 0, 0, 0, 0, 0], "easiness": [0.06245419620105094, 0, 0.29235553733563147, 0.0005394409724609291, 0, 0.015800961690051667], "patches": [], "ripeness": [1, 0, 1, 1, 0, 1]}, {"img_ann": [[0.39196787148594375, 0.41044176706827307], [0.6784330682103413, 0.14200315666964733], [0.25060240963855424, 0.22248995983935743], [0.20611116340361446, 0.3829349134820532], [0.26586345381526105, 0.3855421686746988]], "boxes": [[488.0, 511.0, 106.0, 109.0], [844.649169921875, 176.79393005371094, 70.17291259765625, 120.39857482910156], [312.0, 277.0, 130.0, 130.0], [256.6083984375, 476.75396728515625, 73.75262451171875, 86.4637451171875], [331.0, 480.0, 129.0, 146.0]], "sc_ann": [2, 18, 1, 18, 3], "students_sc_ann": [3, 18, 1, 18, 2], "heuristic_sc_ann": [3, 18, 1, 18, 2], "occ_ann": [1, 0, 0, 0, 0], "occ_score": [0, 0, 0, 0, 0], "occ_leaf": [0, 0, 0, 0, 0], "easiness": [0.015800961690051667, 0, 0.06245419620105094, 0, 0.0005394409724609291], "patches": [], "ripeness": [1, 0, 1, 0, 1]}, {"img_ann": [[0.9357429718875502, 0.42891566265060244], [0.20611116340361446, 0.3829349134820532], [0.6784330682103413, 0.14200315666964733], [0.25060240963855424, 0.22248995983935743], [0.39196787148594375, 0.41044176706827307]], "boxes": [[1165.0, 534.0, 90.0, 104.0], [256.6083984375, 476.75396728515625, 73.75262451171875, 86.4637451171875], [844.649169921875, 176.79393005371094, 70.17291259765625, 120.39857482910156], [312.0, 277.0, 130.0, 130.0], [488.0, 511.0, 106.0, 109.0]], "sc_ann": [2, 18, 18, 3, 1], "students_sc_ann": [4, 18, 18, 1, 3], "heuristic_sc_ann": [3, 18, 18, 2, 1], "occ_ann": [0, 0, 0, 0, 1], "occ_score": [0, 0, 0, 0, 0], "occ_leaf": [0, 0, 0, 0, 0], "easiness": [0.29235553733563147, 0, 0, 0.06245419620105094, 0.04371793734073567], "patches": [], "ripeness": [1, 0, 0, 1, 1]}, {"img_ann": [[0.26586345381526105, 0.3855421686746988], [0.20611116340361446, 0.3829349134820532], [0.6784330682103413, 0.14200315666964733], [0.9357429718875502, 0.42891566265060244], [0.39196787148594375, 0.41044176706827307]], "boxes": [[331.0, 480.0, 129.0, 146.0], [256.6083984375, 476.75396728515625, 73.75262451171875, 86.4637451171875], [844.649169921875, 176.79393005371094, 70.17291259765625, 120.39857482910156], [1165.0, 534.0, 90.0, 104.0], [488.0, 511.0, 106.0, 109.0]], "sc_ann": [3, 18, 18, 1, 2], "students_sc_ann": [2, 18, 18, 4, 3], "heuristic_sc_ann": [1, 18, 18, 3, 2], "occ_ann": [0, 0, 0, 0, 1], "occ_score": [0, 0, 0, 0, 0], "occ_leaf": [0, 0, 0, 0, 0], "easiness": [0.0005394409724609291, 0, 0, 0.29235553733563147, 0.015800961690051667], "patches": [], "ripeness": [1, 0, 0, 1, 1]}, {"img_ann": [[0.3325301204819277, 0.3236947791164659], [0.21124497991967872, 0.3373493975903614], [0.43444564390373996, 0.1078802514746486], [0.15722614579411395, 0.0]], "boxes": [[414.0, 403.0, 145.0, 168.0], [263.0, 420.0, 151.0, 172.0], [540.8848266601562, 134.3109130859375, 74.8876953125, 84.635986328125], [195.74655151367188, 0.0, 133.57781982421875, 112.77778625488281]], "sc_ann": [1, 2, 18, 18], "students_sc_ann": [1, 2, 18, 18], "heuristic_sc_ann": [1, 2, 18, 18], "occ_ann": [0, 0, 0, 0], "occ_score": [0, 0, 0, 0], "occ_leaf": [0, 0, 0, 0], "easiness": [0.0, 0.0, 0, 0], "patches": [], "ripeness": [1, 1, 0, 0]}, {"img_ann": [[0.37620668219754017, 0.38572816657254017], [0.19494865448120607, 0.0], [0.4789625788309488, 0.0], [0.583096350244729, 0.18656795149347388], [0.722475301597013, 0.172421044039439], [0.8481927710843373, 0.3582329317269076], [0.26907630522088355, 0.3349397590361446], [0.8765783838478916, 0.28781838780904867], [0.9696245921184738, 0.19508016195641942], [0.6366901688786396, 0.15924218112685115]], "boxes": [[468.3773193359375, 480.2315673828125, 72.94683837890625, 104.083740234375], [242.71107482910156, 0.0, 89.80870056152344, 84.82848358154297], [596.3084106445312, 0.0, 51.3209228515625, 48.02701187133789], [725.9549560546875, 232.277099609375, 71.05755615234375, 115.95663452148438], [899.4817504882812, 214.66419982910156, 71.62200927734375, 88.32533264160156], [1056.0, 446.0, 92.0, 83.0], [335.0, 417.0, 137.0, 137.0], [1091.340087890625, 358.3338928222656, 70.942138671875, 112.50039672851562], [1207.1826171875, 242.8748016357422, 70.516845703125, 78.33311462402344], [792.6792602539062, 198.2565155029297, 92.71185302734375, 138.63075256347656]], "sc_ann": [18, 18, 18, 18, 18, 1, 2, 18, 18, 18], "students_sc_ann": [18, 18, 18, 18, 18, 1, 2, 18, 18, 18], "heuristic_sc_ann": [18, 18, 18, 18, 18, 1, 2, 18, 18, 18], "occ_ann": [0, 0, 0, 0, 0, 2, 2, 0, 0, 0], "occ_score": [0.8157269953842279, 0.9857616562171408, 0, 0.8236931013268292, 0.9648025463915627, 0, 0, 0, 0.9449848914902939, 0.9647310118073836], "occ_leaf": [0.8157269953842279, 0.9857616562171408, 0, 0.8236931013268292, 0.9648025463915627, 0, 0, 0, 0.9449848914902939, 0.9647310118073836], "easiness": [0, 0, 0, 0, 0, 0.00414468756384677, 0.0022113526313805843, 0, 0, 0], "patches": [], "ripeness": [0, 0, 0, 0, 0, 1, 1, 0, 0, 0]}, {"img_ann": [[0.38393574297188754, 0.3686746987951807], [0.5951314045243474, 0.0713261431958302], [0.758378386593248, 0.1265432702489646], [0.13493975903614458, 0.39919678714859436], [0.2934058499623494, 0.43100174134036146], [0.43654476303652107, 0.1767875824587412], [0.46449607021837347, 0.14283485259396964], [0.4547200520833333, 0.08042502652210404], [0.8768491936495983, 0.3324792088274975], [0.7445254651418173, 0.2879064107994478]], "boxes": [[478.0, 459.0, 43.0, 64.0], [740.9385986328125, 88.8010482788086, 22.5499267578125, 28.80738067626953], [944.1810913085938, 157.54637145996094, 40.9947509765625, 37.877105712890625], [168.0, 497.0, 71.0, 64.0], [365.290283203125, 536.59716796875, 40.166229248046875, 75.2025146484375], [543.4982299804688, 220.1005401611328, 46.01226806640625, 57.92683410644531], [578.297607421875, 177.8293914794922, 56.8687744140625, 75.82843017578125], [566.12646484375, 100.12915802001953, 30.02099609375, 33.90705108642578], [1091.67724609375, 413.9366149902344, 58.3880615234375, 47.874664306640625], [926.9342041015625, 358.4434814453125, 46.38104248046875, 58.859832763671875]], "sc_ann": [2, 18, 18, 1, 18, 18, 18, 18, 18, 18], "students_sc_ann": [1, 18, 18, 2, 18, 18, 18, 18, 18, 18], "heuristic_sc_ann": [1, 18, 18, 2, 18, 18, 18, 18, 18, 18], "occ_ann": [0, 0, 0, 1, 0, 0, 0, 0, 0, 0], "occ_score": [0, 0, 0.9127433725906742, 0, 0, 0, 0, 0.8588272346118333, 0, 0], "occ_leaf": [0, 0, 0.9127433725906742, 0, 0, 0, 0, 0.8588272346118333, 0, 0], "easiness": [0.07210733648058591, 0, 0, 0.07316642470718808, 0, 0, 0, 0, 0, 0], "patches": [], "ripeness": [1, 0, 0, 1, 0, 0, 0, 0, 0, 0]}, {"img_ann": [[0.6952242564006024, 0.4670962168988454], [0.3978747999811747, 0.2151487541964734], [0.2698346363971511, 0.12718997327199422], [0.8090019746956576, 0.28829186374403865], [0.6289156626506024, 0.42570281124497994], [0.7413654618473896, 0.5325301204819277], [0.7016581952811245, 0.43080206568461343], [0.6635617665976405, 0.33770810782191263], [0.4475819292796185, 0.08378696671451431], [0.5605173624184236, 0.3395003353256777], [0.1927710843373494, 0.2827309236947791], [0.04497991967871486, 0.3453815261044177], [0.489816296435743, 0.3217552338259287], [0.39036144578313253, 0.04096385542168675], [0.7663665403802711, 0.23563340275163153], [0.2779116465863454, 0.21445783132530122]], "boxes": [[865.55419921875, 581.5347900390625, 61.0291748046875, 80.83538818359375], [495.3541259765625, 267.8601989746094, 65.04779052734375, 111.07635498046875], [335.9441223144531, 158.3515167236328, 76.6995849609375, 69.53018188476562], [1007.2074584960938, 358.9233703613281, 37.40643310546875, 60.371368408203125], [783.0, 530.0, 77.0, 104.0], [923.0, 663.0, 51.0, 53.0], [873.564453125, 536.3485717773438, 36.90289306640625, 52.22320556640625], [826.1343994140625, 420.44659423828125, 46.01019287109375, 47.17498779296875], [557.239501953125, 104.31477355957031, 82.18328857421875, 108.05868530273438], [697.8441162109375, 422.67791748046875, 57.45086669921875, 81.04901123046875], [240.0, 352.0, 160.0, 156.0], [56.0, 430.0, 156.0, 154.0], [609.8212890625, 400.58526611328125, 92.875244140625, 86.91726684570312], [486.0, 51.0, 124.0, 133.0], [954.1263427734375, 293.36358642578125, 47.7222900390625, 46.5615234375], [346.0, 267.0, 164.0, 172.0]], "sc_ann": [18, 18, 18, 18, 6, 5, 18, 18, 18, 18, 3, 4, 18, 2, 18, 1], "students_sc_ann": [18, 18, 18, 18, 5, 6, 18, 18, 18, 18, 3, 1, 18, 4, 18, 2], "heuristic_sc_ann": [18, 18, 18, 18, 5, 6, 18, 18, 18, 18, 4, 1, 18, 3, 18, 2], "occ_ann": [0, 0, 0, 0, 1, 0, 0, 0, 0, 0, 2, 0, 0, 2, 0, 2], "occ_score": [0, 0.9423280522537376, 0.8117788461538462, 0.7450744461572227, 0, 0, 0.9610334429672469, 0.45209278456030133, 0.9324455817422495, 0.5265833775872795, 0, 0, 0.7748444043263714, 0, 0, 0], "occ_leaf": [0, 0.9423280522537376, 0.8117788461538462, 0.7450744461572227, 0, 0, 0.9610334429672469, 0.45209278456030133, 0.9324455817422495, 0.5265833775872795, 0, 0, 0.7748444043263714, 0, 0, 0], "easiness": [0, 0, 0, 0, 0.003542824350494345, 0.004693988644074582, 0, 0, 0, 0, 0.013831618998074224, 0.02434093448622563, 0, 0.0284643227462004, 0, 0.00809335460630353], "patches": [], "ripeness": [0, 0, 0, 0, 1, 1, 0, 0, 0, 0, 1, 1, 0, 1, 0, 1]}, {"img_ann": [[0.7016581952811245, 0.43080206568461343], [0.489816296435743, 0.3217552338259287], [0.6635617665976405, 0.33770810782191263], [0.6289156626506024, 0.42570281124497994], [0.1927710843373494, 0.2827309236947791], [0.7413654618473896, 0.5325301204819277], [0.4475819292796185, 0.08378696671451431], [0.8090019746956576, 0.28829186374403865], [0.2698346363971511, 0.12718997327199422], [0.7663665403802711, 0.23563340275163153], [0.2779116465863454, 0.21445783132530122], [0.04497991967871486, 0.3453815261044177], [0.6952242564006024, 0.4670962168988454], [0.5605173624184236, 0.3395003353256777], [0.3978747999811747, 0.2151487541964734]], "boxes": [[873.564453125, 536.3485717773438, 36.90289306640625, 52.22320556640625], [609.8212890625, 400.58526611328125, 92.875244140625, 86.91726684570312], [826.1343994140625, 420.44659423828125, 46.01019287109375, 47.17498779296875], [783.0, 530.0, 77.0, 104.0], [240.0, 352.0, 160.0, 156.0], [923.0, 663.0, 51.0, 53.0], [557.239501953125, 104.31477355957031, 82.18328857421875, 108.05868530273438], [1007.2074584960938, 358.9233703613281, 37.40643310546875, 60.371368408203125], [335.9441223144531, 158.3515167236328, 76.6995849609375, 69.53018188476562], [954.1263427734375, 293.36358642578125, 47.7222900390625, 46.5615234375], [346.0, 267.0, 164.0, 172.0], [56.0, 430.0, 156.0, 154.0], [865.55419921875, 581.5347900390625, 61.0291748046875, 80.83538818359375], [697.8441162109375, 422.67791748046875, 57.45086669921875, 81.04901123046875], [495.3541259765625, 267.8601989746094, 65.04779052734375, 111.07635498046875]], "sc_ann": [18, 18, 18, 5, 2, 4, 18, 18, 18, 18, 3, 1, 18, 18, 18], "students_sc_ann": [18, 18, 18, 5, 3, 6, 18, 18, 18, 18, 2, 1, 18, 18, 18], "heuristic_sc_ann": [18, 18, 18, 4, 3, 5, 18, 18, 18, 18, 2, 1, 18, 18, 18], "occ_ann": [0, 0, 0, 1, 2, 0, 0, 0, 0, 0, 2, 0, 0, 0, 0], "occ_score": [0, 0.9423280522537376, 0.8117788461538462, 0, 0, 0.9610334429672469, 0.45209278456030133, 0.9324455817422495, 0, 0, 0, 0.7748444043263714, 0, 0, 0], "occ_leaf": [0, 0.9423280522537376, 0.8117788461538462, 0, 0, 0.9610334429672469, 0.45209278456030133, 0.9324455817422495, 0, 0, 0, 0.7748444043263714, 0, 0, 0], "easiness": [0, 0, 0, 0.003542824350494345, 0.013831618998074224, 0.004693988644074582, 0, 0, 0, 0, 0.00809335460630353, 0.02434093448622563, 0, 0, 0], "patches": [], "ripeness": [0, 0, 0, 1, 1, 1, 0, 0, 0, 0, 1, 1, 0, 0, 0]}, {"img_ann": [[0.7016581952811245, 0.43080206568461343], [0.489816296435743, 0.3217552338259287], [0.5605173624184236, 0.3395003353256777], [0.6635617665976405, 0.33770810782191263], [0.7413654618473896, 0.5325301204819277], [0.3978747999811747, 0.2151487541964734], [0.6952242564006024, 0.4670962168988454], [0.7663665403802711, 0.23563340275163153], [0.2779116465863454, 0.21445783132530122], [0.04497991967871486, 0.3453815261044177], [0.2698346363971511, 0.12718997327199422], [0.1927710843373494, 0.2827309236947791], [0.4475819292796185, 0.08378696671451431], [0.6289156626506024, 0.42570281124497994], [0.8090019746956576, 0.28829186374403865]], "boxes": [[873.564453125, 536.3485717773438, 36.90289306640625, 52.22320556640625], [609.8212890625, 400.58526611328125, 92.875244140625, 86.91726684570312], [697.8441162109375, 422.67791748046875, 57.45086669921875, 81.04901123046875], [826.1343994140625, 420.44659423828125, 46.01019287109375, 47.17498779296875], [923.0, 663.0, 51.0, 53.0], [495.3541259765625, 267.8601989746094, 65.04779052734375, 111.07635498046875], [865.55419921875, 581.5347900390625, 61.0291748046875, 80.83538818359375], [954.1263427734375, 293.36358642578125, 47.7222900390625, 46.5615234375], [346.0, 267.0, 164.0, 172.0], [56.0, 430.0, 156.0, 154.0], [335.9441223144531, 158.3515167236328, 76.6995849609375, 69.53018188476562], [240.0, 352.0, 160.0, 156.0], [557.239501953125, 104.31477355957031, 82.18328857421875, 108.05868530273438], [783.0, 530.0, 77.0, 104.0], [1007.2074584960938, 358.9233703613281, 37.40643310546875, 60.371368408203125]], "sc_ann": [18, 18, 18, 18, 4, 18, 18, 18, 3, 1, 18, 2, 18, 5, 18], "students_sc_ann": [18, 18, 18, 18, 6, 18, 18, 18, 2, 1, 18, 3, 18, 5, 18], "heuristic_sc_ann": [18, 18, 18, 18, 5, 18, 18, 18, 2, 1, 18, 3, 18, 4, 18], "occ_ann": [0, 0, 0, 0, 0, 0, 0, 0, 2, 0, 0, 2, 0, 1, 0], "occ_score": [0, 0.9423280522537376, 0.8117788461538462, 0, 0, 0.9610334429672469, 0.45209278456030133, 0.9324455817422495, 0, 0, 0, 0.7748444043263714, 0, 0, 0], "occ_leaf": [0, 0.9423280522537376, 0.8117788461538462, 0, 0, 0.9610334429672469, 0.45209278456030133, 0.9324455817422495, 0, 0, 0, 0.7748444043263714, 0, 0, 0], "easiness": [0, 0, 0, 0, 0.004693988644074582, 0, 0, 0, 0.00809335460630353, 0.02434093448622563, 0, 0.013831618998074224, 0, 0.003542824350494345, 0], "patches": [], "ripeness": [0, 0, 0, 0, 1, 0, 0, 0, 1, 1, 0, 1, 0, 1, 0]}, {"img_ann": [[0.5605173624184236, 0.3395003353256777], [0.2698346363971511, 0.12718997327199422], [0.3978747999811747, 0.2151487541964734], [0.04497991967871486, 0.3453815261044177], [0.7663665403802711, 0.23563340275163153], [0.7016581952811245, 0.43080206568461343], [0.4475819292796185, 0.08378696671451431], [0.1927710843373494, 0.2827309236947791], [0.6952242564006024, 0.4670962168988454], [0.6635617665976405, 0.33770810782191263], [0.489816296435743, 0.3217552338259287], [0.8090019746956576, 0.28829186374403865], [0.2779116465863454, 0.21445783132530122], [0.39036144578313253, 0.04096385542168675], [0.6289156626506024, 0.42570281124497994]], "boxes": [[697.8441162109375, 422.67791748046875, 57.45086669921875, 81.04901123046875], [335.9441223144531, 158.3515167236328, 76.6995849609375, 69.53018188476562], [495.3541259765625, 267.8601989746094, 65.04779052734375, 111.07635498046875], [56.0, 430.0, 156.0, 154.0], [954.1263427734375, 293.36358642578125, 47.7222900390625, 46.5615234375], [873.564453125, 536.3485717773438, 36.90289306640625, 52.22320556640625], [557.239501953125, 104.31477355957031, 82.18328857421875, 108.05868530273438], [240.0, 352.0, 160.0, 156.0], [865.55419921875, 581.5347900390625, 61.0291748046875, 80.83538818359375], [826.1343994140625, 420.44659423828125, 46.01019287109375, 47.17498779296875], [609.8212890625, 400.58526611328125, 92.875244140625, 86.91726684570312], [1007.2074584960938, 358.9233703613281, 37.40643310546875, 60.371368408203125], [346.0, 267.0, 164.0, 172.0], [486.0, 51.0, 124.0, 133.0], [783.0, 530.0, 77.0, 104.0]], "sc_ann": [18, 18, 18, 4, 18, 18, 18, 3, 18, 18, 18, 18, 1, 2, 5], "students_sc_ann": [18, 18, 18, 1, 18, 18, 18, 3, 18, 18, 18, 18, 2, 4, 5], "heuristic_sc_ann": [18, 18, 18, 1, 18, 18, 18, 2, 18, 18, 18, 18, 3, 4, 5], "occ_ann": [0, 0, 0, 0, 0, 0, 0, 2, 0, 0, 0, 0, 2, 2, 1], "occ_score": [0, 0.9423280522537376, 0.8117788461538462, 0.7450744461572227, 0, 0.9610334429672469, 0, 0.9324455817422495, 0.5265833775872795, 0, 0, 0.7748444043263714, 0, 0, 0], "occ_leaf": [0, 0.9423280522537376, 0.8117788461538462, 0.7450744461572227, 0, 0.9610334429672469, 0, 0.9324455817422495, 0.5265833775872795, 0, 0, 0.7748444043263714, 0, 0, 0], "easiness": [0, 0, 0, 0.02434093448622563, 0, 0, 0, 0.013831618998074224, 0, 0, 0, 0, 0.00809335460630353, 0.0284643227462004, 0.003542824350494345], "patches": [], "ripeness": [0, 0, 0, 1, 0, 0, 0, 1, 0, 0, 0, 0, 1, 1, 1]}, {"img_ann": [[0.7554955172251506, 0.16508325783603162], [0.6763052208835342, 0.2], [0.34708394123368475, 0.07233444275147465], [0.7155510714733936, 0.09518235294694402], [0.7397590361445783, 0.2570281124497992], [0.31599782920745484, 0.2701583923584965], [0.7237606186464608, 0.38314816884726405], [0.6303560433138805, 0.20479451987638053], [0.8187791694120231, 0.007916271255677005], [0.04497991967871486, 0.39196787148594375], [0.05440048769295934, 0.21384819061401858], [0.021931431475413373, 0.15002371546733811], [0.22570281124497993, 0.31244979919678717], [0.09156626506024096, 0.43855421686746987], [0.14989150939696286, 0.27511790325363955], [0.9104174510542169, 0.17455487232131653], [0.9183568257404618, 0.0793487548828125], [0.3172690763052209, 0.3421686746987952], [0.5970376623682229, 0.20304331339027987], [0.07791164658634538, 0.13654618473895583], [0.855868493505271, 0.14583971873823418]], "boxes": [[940.5919189453125, 205.52865600585938, 131.3258056640625, 161.47698974609375], [842.0, 249.0, 114.0, 128.0], [432.1195068359375, 90.056381225585